19	19:36430368_T_C	60.9365	36430368	T	C
19	19:36430798_G_A	60.9366	36430798	G	A
19	19:36431128_T_C	60.9366	36431128	T	C
19	19:36434136_T_G	60.9371	36434136	T	G
19	19:36439298_A_G	60.938	36439298	A	G
19	19:36441223_A_G	60.9386	36441223	A	G
19	19:36442117_C_T	60.9392	36442117	C	T
19	19:36442598_T_C	60.9403	36442598	T	C
19	19:36445218_A_T	60.9459	36445218	A	T
19	19:36447203_C_T	60.95	36447203	C	T
19	19:36448842_T_C	60.9512	36448842	T	C
19	19:36456801_C_G	60.9634	36456801	C	G
19	19:36457755_C_T	60.9664	36457755	C	T
19	19:36461189_C_T	60.9769	36461189	C	T
19	19:36462543_G_T	60.9811	36462543	G	T
19	19:36464626_T_C	60.9874	36464626	T	C
19	19:36467594_T_C	60.999	36467594	T	C
19	19:36468278_G_T	61.0116	36468278	G	T
19	19:36469497_T_C	61.0339	36469497	T	C
19	19:36470237_T_C	61.0446	36470237	T	C
19	19:36471921_T_C	61.0491	36471921	T	C
19	19:36477855_C_T	61.0546	36477855	C	T
19	19:36479803_T_C	61.0559	36479803	T	C
19	19:36486509_G_C	61.0605	36486509	G	C
19	19:36487146_G_A	61.0609	36487146	G	A
19	19:36487759_G_A	61.0613	36487759	G	A
19	19:36495502_A_G	61.0659	36495502	A	G
19	19:36501445_T_C	61.0777	36501445	T	C
19	19:36515091_C_A	61.1317	36515091	C	A
19	19:36520765_T_C	61.1524	36520765	T	C
19	19:36526709_G_A	61.1539	36526709	G	A
19	19:36530428_A_G	61.1546	36530428	A	G
19	19:36530913_T_C	61.1546	36530913	T	C
19	19:36531262_T_C	61.1546	36531262	T	C
19	19:36534273_C_T	61.1546	36534273	C	T
19	19:36542638_C_G	61.1546	36542638	C	G
19	19:36546015_T_C	61.1547	36546015	T	C
19	19:36547530_C_T	61.1547	36547530	C	T
19	19:36567153_A_C	61.1571	36567153	A	C
19	19:36574361_G_A	61.1615	36574361	A	G
19	19:36574798_T_C	61.1616	36574798	C	T
19	19:36575645_A_G	61.1616	36575645	A	G
19	19:36577550_A_G	61.1617	36577550	A	G
19	19:36579308_G_A	61.1618	36579308	A	G
19	19:36582270_A_G	61.162	36582270	A	G
19	19:36590329_C_T	61.1624	36590329	T	C
19	19:36591431_C_G	61.1625	36591431	C	G
19	19:36593915_G_T	61.1627	36593915	G	T
19	19:36594063_T_C	61.1627	36594063	T	C
19	19:36594659_T_A	61.1627	36594659	A	T
19	19:36594853_A_G	61.1627	36594853	A	G
19	19:36611261_T_C	61.1649	36611261	T	C
19	19:36612994_A_G	61.1653	36612994	A	G
19	19:36615878_A_G	61.166	36615878	A	G
19	19:36622966_C_G	61.1712	36622966	G	C
19	19:36623539_T_C	61.1724	36623539	T	C
19	19:36623594_C_T	61.1725	36623594	C	T
19	19:36630372_C_T	61.1921	36630372	C	T
19	19:36637386_T_C	61.2539	36637386	T	C
19	19:36637393_T_C	61.254	36637393	T	C
19	19:36638037_C_T	61.2596	36638037	T	C
19	19:36640319_T_C	61.2797	36640319	T	C
19	19:36641563_T_C	61.2828	36641563	T	C
19	19:36642874_G_T	61.2861	36642874	G	T
19	19:36643695_G_T	61.2882	36643695	G	T
19	19:36652185_C_A	61.3062	36652185	C	A
19	19:36652747_T_C	61.3073	36652747	T	C
19	19:36653204_T_C	61.3083	36653204	T	C
19	19:36655415_T_C	61.3272	36655415	T	C
19	19:36666167_C_T	61.3957	36666167	T	C
19	19:36666636_C_T	61.3958	36666636	C	T
19	19:36674305_G_A	61.3974	36674305	A	G
19	19:36675065_G_T	61.3976	36675065	G	T
19	19:36681095_A_G	61.4048	36681095	A	G
19	19:36682866_G_C	61.4095	36682866	G	C
19	19:36684969_C_T	61.4151	36684969	C	T
19	19:36694364_C_T	61.4169	36694364	C	T
19	19:36706633_G_A	61.4171	36706633	G	A
19	19:36707064_G_A	61.4172	36707064	G	A
19	19:36713456_A_G	61.4177	36713456	A	G
19	19:36715853_G_A	61.418	36715853	G	A
19	19:36717174_G_A	61.4182	36717174	G	A
19	19:36719538_A_G	61.4185	36719538	A	G
19	19:36719719_T_C	61.4185	36719719	T	C
19	19:36721457_A_G	61.4187	36721457	A	G
19	19:36727212_A_G	61.4204	36727212	A	G
19	19:36727365_A_G	61.4204	36727365	A	G
19	19:36734987_T_G	61.4235	36734987	T	G
19	19:36736634_T_C	61.424	36736634	T	C
19	19:36739067_G_A	61.4244	36739067	A	G
19	19:36746190_C_T	61.4259	36746190	C	T
19	19:36749559_A_G	61.4281	36749559	A	G
19	19:36813972_G_A	61.4486	36813972	G	A
19	19:36814379_T_C	61.4486	36814379	T	C
19	19:36828766_G_C	61.4492	36828766	G	C
19	19:36834565_A_G	61.4497	36834565	A	G
19	19:36838688_T_C	61.4504	36838688	T	C
19	19:36847742_G_A	61.4508	36847742	G	A
19	19:36848339_G_C	61.4508	36848339	G	C
19	19:36856251_T_G	61.4523	36856251	G	T
19	19:36867648_T_C	61.4526	36867648	T	C
19	19:36876511_G_C	61.4542	36876511	G	C
19	19:36880484_C_T	61.4543	36880484	T	C
19	19:36881643_G_A	61.4543	36881643	G	A
19	19:36882133_T_C	61.4543	36882133	T	C
19	19:36908677_C_T	61.4553	36908677	C	T
19	19:36918102_G_A	61.4829	36918102	G	A
19	19:36919589_A_G	61.4878	36919589	A	G
19	19:36922125_G_A	61.4961	36922125	G	A
19	19:36925046_A_C	61.5058	36925046	A	C
19	19:36940698_G_A	61.5184	36940698	G	A
19	19:36940760_T_G	61.5184	36940760	G	T
19	19:36941144_C_T	61.5184	36941144	T	C
19	19:36942264_C_T	61.5184	36942264	C	T
19	19:36956110_T_C	61.5187	36956110	C	T
19	19:36957653_C_T	61.5187	36957653	C	T
19	19:36963743_T_C	61.5189	36963743	T	C
19	19:36969880_A_C	61.5191	36969880	A	C
19	19:36970952_G_A	61.5191	36970952	G	A
19	19:36997544_A_C	61.5203	36997544	A	C
19	19:37004938_C_T	61.5205	37004938	C	T
19	19:37005298_G_A	61.5205	37005298	G	A
19	19:37005998_G_A	61.5205	37005998	G	A
19	19:37011360_A_G	61.5207	37011360	G	A
19	19:37022471_G_T	61.5209	37022471	T	G
19	19:37038092_C_T	61.5285	37038092	C	T
19	19:37038416_C_T	61.529	37038416	C	T
19	19:37039069_C_A	61.5291	37039069	A	C
19	19:37047472_A_G	61.5323	37047472	G	A
19	19:37050703_A_C	61.533	37050703	A	C
19	19:37053965_C_T	61.5333	37053965	C	T
19	19:37074430_A_G	61.5393	37074430	A	G
19	19:37083943_A_C	61.5396	37083943	A	C
19	19:37107440_G_A	61.5402	37107440	G	A
19	19:37108435_T_C	61.5403	37108435	T	C
19	19:37108935_A_G	61.5403	37108935	A	G
19	19:37117302_G_A	61.5405	37117302	A	G
19	19:37117490_G_A	61.5405	37117490	G	A
19	19:37118439_T_C	61.5406	37118439	T	C
19	19:37129806_A_G	61.544	37129806	A	G
19	19:37134737_C_T	61.5441	37134737	C	T
19	19:37156918_A_G	61.5457	37156918	A	G
19	19:37169246_C_G	61.5457	37169246	C	G
19	19:37169914_T_C	61.5457	37169914	T	C
19	19:37173385_C_T	61.546	37173385	C	T
19	19:37175752_A_G	61.5463	37175752	A	G
19	19:37183250_G_A	61.547	37183250	G	A
19	19:37201334_A_C	61.5471	37201334	A	C
19	19:37209866_C_T	61.5477	37209866	C	T
19	19:37210529_G_A	61.5478	37210529	G	A
19	19:37220436_A_G	61.5486	37220436	A	G
19	19:37230491_T_C	61.555	37230491	T	C
19	19:37241781_A_G	61.5568	37241781	A	G
19	19:37245743_A_G	61.5575	37245743	G	A
19	19:37257416_T_C	61.5593	37257416	T	C
19	19:37261823_G_A	61.5599	37261823	G	A
19	19:37267194_T_G	61.5614	37267194	T	G
19	19:37287405_C_T	61.563	37287405	C	T
19	19:37288454_T_C	61.5631	37288454	C	T
19	19:37288814_G_A	61.5631	37288814	G	A
19	19:37292143_T_G	61.5634	37292143	T	G
19	19:37297957_C_T	61.5636	37297957	C	T
19	19:37298389_T_C	61.5637	37298389	T	C
19	19:37310344_C_T	61.5645	37310344	C	T
19	19:37315562_A_G	61.5651	37315562	A	G
19	19:37326284_T_G	61.569	37326284	T	G
19	19:37328073_T_C	61.5692	37328073	T	C
19	19:37339156_G_T	61.5747	37339156	G	T
19	19:37347166_T_C	61.585	37347166	T	C
19	19:37349801_C_A	61.5852	37349801	C	A
19	19:37353791_T_C	61.5854	37353791	T	C
19	19:37356065_T_C	61.5855	37356065	T	C
19	19:37363157_G_A	61.5859	37363157	G	A
19	19:37368535_C_G	61.5862	37368535	C	G
19	19:37376756_A_G	61.6003	37376756	A	G
19	19:37395957_G_A	61.6076	37395957	G	A
19	19:37402778_T_G	61.6088	37402778	T	G
19	19:37407938_A_G	61.61	37407938	A	G
19	19:37413196_C_G	61.6108	37413196	C	G
19	19:37413351_A_G	61.6108	37413351	A	G
19	19:37425609_T_C	61.6108	37425609	T	C
19	19:37429026_G_A	61.6108	37429026	G	A
19	19:37437106_T_C	61.6114	37437106	T	C
19	19:37438418_C_T	61.6114	37438418	C	T
19	19:37440497_T_A	61.6114	37440497	T	A
19	19:37441365_C_T	61.6114	37441365	C	T
19	19:37441980_G_A	61.6114	37441980	A	G
19	19:37455903_G_A	61.623	37455903	G	A
19	19:37464606_T_G	61.6252	37464606	T	G
19	19:37469457_T_C	61.6253	37469457	T	C
19	19:37472171_C_T	61.6264	37472171	T	C
19	19:37482151_G_A	61.6276	37482151	A	G
19	19:37487632_A_G	61.6276	37487632	G	A
19	19:37487723_A_G	61.6276	37487723	G	A
19	19:37487873_A_C	61.6276	37487873	C	A
19	19:37487975_A_G	61.6276	37487975	A	G
19	19:37488055_G_T	61.6276	37488055	G	T
19	19:37493706_C_T	61.6294	37493706	C	T
19	19:37516086_C_T	61.6365	37516086	C	T
19	19:37528528_A_G	61.6377	37528528	A	G
19	19:37546309_A_G	61.6377	37546309	A	G
19	19:37548105_T_C	61.6377	37548105	T	C
19	19:37549756_T_C	61.6377	37549756	T	C
19	19:37560106_T_C	61.6378	37560106	T	C
19	19:37579810_A_G	61.6391	37579810	G	A
19	19:37593096_A_G	61.6402	37593096	G	A
19	19:37597904_T_C	61.6402	37597904	T	C
19	19:37613594_G_A	61.6402	37613594	G	A
19	19:37620531_C_A	61.6404	37620531	C	A
19	19:37621652_G_C	61.6404	37621652	G	C
19	19:37635453_A_G	61.6427	37635453	A	G
19	19:37636776_C_A	61.6429	37636776	A	C
19	19:37639266_A_G	61.6433	37639266	A	G
19	19:37642922_T_C	61.6438	37642922	C	T
19	19:37643777_T_C	61.644	37643777	T	C
19	19:37644370_A_T	61.6441	37644370	A	T
19	19:37644489_T_A	61.6441	37644489	T	A
19	19:37650573_G_A	61.645	37650573	G	A
19	19:37654976_G_A	61.6458	37654976	G	A
19	19:37658453_G_A	61.646	37658453	G	A
19	19:37685602_A_C	61.6512	37685602	A	C
19	19:37690420_T_C	61.6565	37690420	C	T
19	19:37705345_T_C	61.6572	37705345	T	C
19	19:37720855_T_G	61.6586	37720855	T	G
19	19:37723924_G_A	61.6588	37723924	G	A
19	19:37732037_T_C	61.6597	37732037	T	C
19	19:37733771_C_A	61.6601	37733771	C	A
19	19:37734888_A_C	61.6626	37734888	A	C
19	19:37737065_C_A	61.6632	37737065	C	A
19	19:37737850_G_A	61.6633	37737850	G	A
19	19:37747224_G_A	61.6634	37747224	G	A
19	19:37798718_T_C	61.6635	37798718	T	C
19	19:37799175_G_T	61.6635	37799175	G	T
19	19:37800320_C_T	61.6636	37800320	C	T
19	19:37804351_G_C	61.664	37804351	G	C
19	19:37818858_A_G	61.6678	37818858	A	G
19	19:37820230_A_G	61.6678	37820230	A	G
19	19:37829792_A_G	61.6684	37829792	A	G
19	19:37835658_T_C	61.6685	37835658	T	C
19	19:37842735_C_T	61.6685	37842735	C	T
19	19:37844258_A_G	61.6685	37844258	A	G
19	19:37854040_A_G	61.6685	37854040	A	G
19	19:37854235_T_G	61.6685	37854235	T	G
19	19:37854580_T_C	61.6685	37854580	T	C
19	19:37864682_G_T	61.6685	37864682	G	T
19	19:37868552_C_T	61.6685	37868552	C	T
19	19:37875631_C_T	61.6685	37875631	T	C
19	19:37878563_T_C	61.6685	37878563	T	C
19	19:37879073_G_A	61.6685	37879073	G	A
19	19:37879589_G_A	61.6685	37879589	G	A
19	19:37898476_T_C	61.6696	37898476	T	C
19	19:37907947_A_G	61.6697	37907947	A	G
19	19:37917794_C_T	61.6697	37917794	C	T
19	19:37923227_T_C	61.6697	37923227	T	C
19	19:37933638_G_A	61.6697	37933638	G	A
19	19:37933936_A_G	61.6697	37933936	A	G
19	19:37940044_A_T	61.6697	37940044	A	T
19	19:37945113_G_T	61.6697	37945113	G	T
19	19:37945274_C_A	61.6697	37945274	C	A
19	19:37950798_G_C	61.6697	37950798	G	C
19	19:37953661_T_C	61.6697	37953661	T	C
19	19:37977386_C_G	61.6708	37977386	C	G
19	19:37980167_G_A	61.6721	37980167	G	A
19	19:37988445_A_G	61.6727	37988445	A	G
19	19:37998237_C_G	61.673	37998237	C	G
19	19:38005214_G_A	61.6732	38005214	G	A
19	19:38015577_T_G	61.6736	38015577	T	G
19	19:38024271_G_T	61.6771	38024271	G	T
19	19:38027957_G_A	61.6803	38027957	G	A
19	19:38028579_A_G	61.6808	38028579	A	G
19	19:38031252_C_T	61.6822	38031252	C	T
19	19:38040836_T_C	61.6826	38040836	T	C
19	19:38042814_C_T	61.6826	38042814	C	T
19	19:38067999_C_T	61.683	38067999	T	C
19	19:38074416_G_A	61.683	38074416	G	A
19	19:38076955_A_C	61.683	38076955	A	C
19	19:38078680_A_G	61.683	38078680	A	G
19	19:38081489_G_A	61.6831	38081489	G	A
19	19:38085332_T_C	61.6831	38085332	T	C
19	19:38107485_C_G	61.6838	38107485	G	C
19	19:38125845_T_C	61.6843	38125845	T	C
19	19:38141577_G_C	61.6889	38141577	G	C
19	19:38146923_G_T	61.6891	38146923	G	T
19	19:38149330_A_C	61.6892	38149330	C	A
19	19:38151703_G_A	61.6893	38151703	G	A
19	19:38160565_T_C	61.6897	38160565	T	C
19	19:38167622_C_T	61.69	38167622	C	T
19	19:38167632_C_T	61.69	38167632	C	T
19	19:38168913_A_G	61.69	38168913	G	A
19	19:38173433_C_T	61.6901	38173433	C	T
19	19:38189440_C_T	61.6905	38189440	T	C
19	19:38189555_C_T	61.6905	38189555	C	T
19	19:38189616_C_T	61.6905	38189616	T	C
19	19:38190686_G_A	61.6905	38190686	G	A
19	19:38199462_C_T	61.6908	38199462	T	C
19	19:38201710_T_G	61.6908	38201710	T	G
19	19:38202515_A_G	61.6909	38202515	A	G
19	19:38207632_A_G	61.6911	38207632	A	G
19	19:38209301_T_C	61.6911	38209301	C	T
19	19:38210135_T_C	61.6911	38210135	T	C
19	19:38210986_T_C	61.6912	38210986	T	C
19	19:38221032_G_C	61.6916	38221032	G	C
19	19:38226496_A_C	61.6918	38226496	A	C
19	19:38229378_A_G	61.6919	38229378	G	A
19	19:38229926_A_G	61.6919	38229926	A	G
19	19:38240458_A_G	61.6923	38240458	A	G
19	19:38246606_A_G	61.6925	38246606	A	G
19	19:38250656_C_T	61.6927	38250656	T	C
19	19:38283126_C_T	61.694	38283126	T	C
19	19:38291862_A_G	61.6952	38291862	A	G
19	19:38292025_C_T	61.6952	38292025	C	T
19	19:38297041_A_G	61.6961	38297041	A	G
19	19:38298617_G_A	61.6961	38298617	G	A
19	19:38325536_G_C	61.6967	38325536	G	C
19	19:38327261_T_G	61.6968	38327261	T	G
19	19:38336811_T_C	61.6971	38336811	T	C
19	19:38339192_A_G	61.6972	38339192	A	G
19	19:38363084_A_G	61.699	38363084	A	G
19	19:38367705_T_C	61.6991	38367705	C	T
19	19:38375666_T_C	61.6992	38375666	T	C
19	19:38376485_A_T	61.6992	38376485	T	A
19	19:38376848_C_T	61.6992	38376848	C	T
19	19:38377772_T_C	61.6992	38377772	T	C
19	19:38377773_A_G	61.6992	38377773	A	G
19	19:38378539_C_G	61.6992	38378539	G	C
19	19:38379446_T_C	61.6992	38379446	T	C
19	19:38384421_G_C	61.7001	38384421	C	G
19	19:38384689_T_C	61.7002	38384689	T	C
19	19:38391326_C_A	61.7006	38391326	C	A
19	19:38397213_G_A	61.7007	38397213	G	A
19	19:38417373_T_C	61.7008	38417373	T	C
19	19:38424544_T_C	61.7008	38424544	T	C
