19	19:36430368_T_C	60.936500	36430368	T	C
19	19:36430798_G_A	60.936600	36430798	G	A
19	19:36431128_T_C	60.936600	36431128	T	C
19	19:36434136_T_G	60.937100	36434136	T	G
19	19:36439298_A_G	60.938000	36439298	A	G
19	19:36441223_A_G	60.938600	36441223	A	G
19	19:36442117_C_T	60.939200	36442117	C	T
19	19:36442598_T_C	60.940300	36442598	T	C
19	19:36445218_A_T	60.945900	36445218	A	T
19	19:36447203_C_T	60.950000	36447203	C	T
19	19:36448842_T_C	60.951200	36448842	T	C
19	19:36456801_C_G	60.963400	36456801	C	G
19	19:36457755_C_T	60.966400	36457755	C	T
19	19:36461189_C_T	60.976900	36461189	C	T
19	19:36462543_G_T	60.981100	36462543	G	T
19	19:36464626_T_C	60.987400	36464626	T	C
19	19:36467594_T_C	60.999000	36467594	T	C
19	19:36468278_G_T	61.011600	36468278	G	T
19	19:36469497_T_C	61.033900	36469497	T	C
19	19:36470237_T_C	61.044600	36470237	T	C
19	19:36471921_T_C	61.049100	36471921	T	C
19	19:36477855_C_T	61.054600	36477855	C	T
19	19:36479803_T_C	61.055900	36479803	T	C
19	19:36486509_G_C	61.060500	36486509	G	C
19	19:36487146_G_A	61.060900	36487146	G	A
19	19:36487759_G_A	61.061300	36487759	G	A
19	19:36495502_A_G	61.065900	36495502	A	G
19	19:36501445_T_C	61.077700	36501445	T	C
19	19:36515091_C_A	61.131700	36515091	C	A
19	19:36520765_T_C	61.152400	36520765	T	C
19	19:36526709_G_A	61.153900	36526709	G	A
19	19:36530428_A_G	61.154600	36530428	A	G
19	19:36530913_T_C	61.154600	36530913	T	C
19	19:36531262_T_C	61.154600	36531262	T	C
19	19:36534273_C_T	61.154600	36534273	C	T
19	19:36542638_C_G	61.154600	36542638	C	G
19	19:36546015_T_C	61.154700	36546015	T	C
19	19:36547530_C_T	61.154700	36547530	C	T
19	19:36567153_A_C	61.157100	36567153	A	C
19	19:36574361_G_A	61.161500	36574361	A	G
19	19:36574798_T_C	61.161600	36574798	C	T
19	19:36575645_A_G	61.161600	36575645	A	G
19	19:36577550_A_G	61.161700	36577550	A	G
19	19:36579308_G_A	61.161800	36579308	A	G
19	19:36582270_A_G	61.162000	36582270	A	G
19	19:36590329_C_T	61.162400	36590329	T	C
19	19:36591431_C_G	61.162500	36591431	C	G
19	19:36593915_G_T	61.162700	36593915	G	T
19	19:36594063_T_C	61.162700	36594063	T	C
19	19:36594659_T_A	61.162700	36594659	A	T
19	19:36594853_A_G	61.162700	36594853	A	G
19	19:36611261_T_C	61.164900	36611261	T	C
19	19:36612994_A_G	61.165300	36612994	A	G
19	19:36615878_A_G	61.166000	36615878	A	G
19	19:36622966_C_G	61.171200	36622966	G	C
19	19:36623539_T_C	61.172400	36623539	T	C
19	19:36623594_C_T	61.172500	36623594	C	T
19	19:36630372_C_T	61.192100	36630372	C	T
19	19:36637386_T_C	61.253900	36637386	T	C
19	19:36637393_T_C	61.254000	36637393	T	C
19	19:36638037_C_T	61.259600	36638037	T	C
19	19:36640319_T_C	61.279700	36640319	T	C
19	19:36641563_T_C	61.282800	36641563	T	C
19	19:36642874_G_T	61.286100	36642874	G	T
19	19:36643695_G_T	61.288200	36643695	G	T
19	19:36652185_C_A	61.306200	36652185	C	A
19	19:36652747_T_C	61.307300	36652747	T	C
19	19:36653204_T_C	61.308300	36653204	T	C
19	19:36655415_T_C	61.327200	36655415	T	C
19	19:36666167_C_T	61.395700	36666167	T	C
19	19:36666636_C_T	61.395800	36666636	C	T
19	19:36674305_G_A	61.397400	36674305	A	G
19	19:36675065_G_T	61.397600	36675065	G	T
19	19:36681095_A_G	61.404800	36681095	A	G
19	19:36682866_G_C	61.409500	36682866	G	C
19	19:36684969_C_T	61.415100	36684969	C	T
19	19:36694364_C_T	61.416900	36694364	C	T
19	19:36706633_G_A	61.417100	36706633	G	A
19	19:36707064_G_A	61.417200	36707064	G	A
19	19:36713456_A_G	61.417700	36713456	A	G
19	19:36715853_G_A	61.418000	36715853	G	A
19	19:36717174_G_A	61.418200	36717174	G	A
19	19:36719538_A_G	61.418500	36719538	A	G
19	19:36719719_T_C	61.418500	36719719	T	C
19	19:36721457_A_G	61.418700	36721457	A	G
19	19:36727212_A_G	61.420400	36727212	A	G
19	19:36727365_A_G	61.420400	36727365	A	G
19	19:36734987_T_G	61.423500	36734987	T	G
19	19:36736634_T_C	61.424000	36736634	T	C
19	19:36739067_G_A	61.424400	36739067	A	G
19	19:36746190_C_T	61.425900	36746190	C	T
19	19:36749559_A_G	61.428100	36749559	A	G
19	19:36813972_G_A	61.448600	36813972	G	A
19	19:36814379_T_C	61.448600	36814379	T	C
19	19:36828766_G_C	61.449200	36828766	G	C
19	19:36834565_A_G	61.449700	36834565	A	G
19	19:36838688_T_C	61.450400	36838688	T	C
19	19:36847742_G_A	61.450800	36847742	G	A
19	19:36848339_G_C	61.450800	36848339	G	C
19	19:36856251_T_G	61.452300	36856251	G	T
19	19:36867648_T_C	61.452600	36867648	T	C
19	19:36876511_G_C	61.454200	36876511	G	C
19	19:36880484_C_T	61.454300	36880484	T	C
19	19:36881643_G_A	61.454300	36881643	G	A
19	19:36882133_T_C	61.454300	36882133	T	C
19	19:36908677_C_T	61.455300	36908677	C	T
19	19:36918102_G_A	61.482900	36918102	G	A
19	19:36919589_A_G	61.487800	36919589	A	G
19	19:36922125_G_A	61.496100	36922125	G	A
19	19:36925046_A_C	61.505800	36925046	A	C
19	19:36940698_G_A	61.518400	36940698	G	A
19	19:36940760_T_G	61.518400	36940760	G	T
19	19:36941144_C_T	61.518400	36941144	T	C
19	19:36942264_C_T	61.518400	36942264	C	T
19	19:36956110_T_C	61.518700	36956110	C	T
19	19:36957653_C_T	61.518700	36957653	C	T
19	19:36963743_T_C	61.518900	36963743	T	C
19	19:36969880_A_C	61.519100	36969880	A	C
19	19:36970952_G_A	61.519100	36970952	G	A
19	19:36997544_A_C	61.520300	36997544	A	C
19	19:37004938_C_T	61.520500	37004938	C	T
19	19:37005298_G_A	61.520500	37005298	G	A
19	19:37005998_G_A	61.520500	37005998	G	A
19	19:37011360_A_G	61.520700	37011360	G	A
19	19:37022471_G_T	61.520900	37022471	T	G
19	19:37038092_C_T	61.528500	37038092	C	T
19	19:37038416_C_T	61.529000	37038416	C	T
19	19:37039069_C_A	61.529100	37039069	A	C
19	19:37047472_A_G	61.532300	37047472	G	A
19	19:37050703_A_C	61.533000	37050703	A	C
19	19:37053965_C_T	61.533300	37053965	C	T
19	19:37074430_A_G	61.539300	37074430	A	G
19	19:37083943_A_C	61.539600	37083943	A	C
19	19:37107440_G_A	61.540200	37107440	G	A
19	19:37108435_T_C	61.540300	37108435	T	C
19	19:37108935_A_G	61.540300	37108935	A	G
19	19:37117302_G_A	61.540500	37117302	A	G
19	19:37117490_G_A	61.540500	37117490	G	A
19	19:37118439_T_C	61.540600	37118439	T	C
19	19:37129806_A_G	61.544000	37129806	A	G
19	19:37134737_C_T	61.544100	37134737	C	T
19	19:37156918_A_G	61.545700	37156918	A	G
19	19:37169246_C_G	61.545700	37169246	C	G
19	19:37169914_T_C	61.545700	37169914	T	C
19	19:37173385_C_T	61.546000	37173385	C	T
19	19:37175752_A_G	61.546300	37175752	A	G
19	19:37183250_G_A	61.547000	37183250	G	A
19	19:37201334_A_C	61.547100	37201334	A	C
19	19:37209866_C_T	61.547700	37209866	C	T
19	19:37210529_G_A	61.547800	37210529	G	A
19	19:37220436_A_G	61.548600	37220436	A	G
19	19:37230491_T_C	61.555000	37230491	T	C
19	19:37241781_A_G	61.556800	37241781	A	G
19	19:37245743_A_G	61.557500	37245743	G	A
19	19:37257416_T_C	61.559300	37257416	T	C
19	19:37261823_G_A	61.559900	37261823	G	A
19	19:37267194_T_G	61.561400	37267194	T	G
19	19:37287405_C_T	61.563000	37287405	C	T
19	19:37288454_T_C	61.563100	37288454	C	T
19	19:37288814_G_A	61.563100	37288814	G	A
19	19:37292143_T_G	61.563400	37292143	T	G
19	19:37297957_C_T	61.563600	37297957	C	T
19	19:37298389_T_C	61.563700	37298389	T	C
19	19:37310344_C_T	61.564500	37310344	C	T
19	19:37315562_A_G	61.565100	37315562	A	G
19	19:37326284_T_G	61.569000	37326284	T	G
19	19:37328073_T_C	61.569200	37328073	T	C
19	19:37339156_G_T	61.574700	37339156	G	T
19	19:37347166_T_C	61.585000	37347166	T	C
19	19:37349801_C_A	61.585200	37349801	C	A
19	19:37353791_T_C	61.585400	37353791	T	C
19	19:37356065_T_C	61.585500	37356065	T	C
19	19:37363157_G_A	61.585900	37363157	G	A
19	19:37368535_C_G	61.586200	37368535	C	G
19	19:37376756_A_G	61.600300	37376756	A	G
19	19:37395957_G_A	61.607600	37395957	G	A
19	19:37402778_T_G	61.608800	37402778	T	G
19	19:37407938_A_G	61.610000	37407938	A	G
19	19:37413196_C_G	61.610800	37413196	C	G
19	19:37413351_A_G	61.610800	37413351	A	G
19	19:37425609_T_C	61.610800	37425609	T	C
19	19:37429026_G_A	61.610800	37429026	G	A
19	19:37437106_T_C	61.611400	37437106	T	C
19	19:37438418_C_T	61.611400	37438418	C	T
19	19:37440497_T_A	61.611400	37440497	T	A
19	19:37441365_C_T	61.611400	37441365	C	T
19	19:37441980_G_A	61.611400	37441980	A	G
19	19:37455903_G_A	61.623000	37455903	G	A
19	19:37464606_T_G	61.625200	37464606	T	G
19	19:37469457_T_C	61.625300	37469457	T	C
19	19:37472171_C_T	61.626400	37472171	T	C
19	19:37482151_G_A	61.627600	37482151	A	G
19	19:37487632_A_G	61.627600	37487632	G	A
19	19:37487723_A_G	61.627600	37487723	G	A
19	19:37487873_A_C	61.627600	37487873	C	A
19	19:37487975_A_G	61.627600	37487975	A	G
19	19:37488055_G_T	61.627600	37488055	G	T
19	19:37493706_C_T	61.629400	37493706	C	T
19	19:37516086_C_T	61.636500	37516086	C	T
19	19:37528528_A_G	61.637700	37528528	A	G
19	19:37546309_A_G	61.637700	37546309	A	G
19	19:37548105_T_C	61.637700	37548105	T	C
19	19:37549756_T_C	61.637700	37549756	T	C
19	19:37560106_T_C	61.637800	37560106	T	C
19	19:37579810_A_G	61.639100	37579810	G	A
19	19:37593096_A_G	61.640200	37593096	G	A
19	19:37597904_T_C	61.640200	37597904	T	C
19	19:37613594_G_A	61.640200	37613594	G	A
19	19:37620531_C_A	61.640400	37620531	C	A
19	19:37621652_G_C	61.640400	37621652	G	C
19	19:37635453_A_G	61.642700	37635453	A	G
19	19:37636776_C_A	61.642900	37636776	A	C
19	19:37639266_A_G	61.643300	37639266	A	G
19	19:37642922_T_C	61.643800	37642922	C	T
19	19:37643777_T_C	61.644000	37643777	T	C
19	19:37644370_A_T	61.644100	37644370	A	T
19	19:37644489_T_A	61.644100	37644489	T	A
19	19:37650573_G_A	61.645000	37650573	G	A
19	19:37654976_G_A	61.645800	37654976	G	A
19	19:37658453_G_A	61.646000	37658453	G	A
19	19:37685602_A_C	61.651200	37685602	A	C
19	19:37690420_T_C	61.656500	37690420	C	T
19	19:37705345_T_C	61.657200	37705345	T	C
19	19:37720855_T_G	61.658600	37720855	T	G
19	19:37723924_G_A	61.658800	37723924	G	A
19	19:37732037_T_C	61.659700	37732037	T	C
19	19:37733771_C_A	61.660100	37733771	C	A
19	19:37734888_A_C	61.662600	37734888	A	C
19	19:37737065_C_A	61.663200	37737065	C	A
19	19:37737850_G_A	61.663300	37737850	G	A
19	19:37747224_G_A	61.663400	37747224	G	A
19	19:37798718_T_C	61.663500	37798718	T	C
19	19:37799175_G_T	61.663500	37799175	G	T
19	19:37800320_C_T	61.663600	37800320	C	T
19	19:37804351_G_C	61.664000	37804351	G	C
19	19:37818858_A_G	61.667800	37818858	A	G
19	19:37820230_A_G	61.667800	37820230	A	G
19	19:37829792_A_G	61.668400	37829792	A	G
19	19:37835658_T_C	61.668500	37835658	T	C
19	19:37842735_C_T	61.668500	37842735	C	T
19	19:37844258_A_G	61.668500	37844258	A	G
19	19:37854040_A_G	61.668500	37854040	A	G
19	19:37854235_T_G	61.668500	37854235	T	G
19	19:37854580_T_C	61.668500	37854580	T	C
19	19:37864682_G_T	61.668500	37864682	G	T
19	19:37868552_C_T	61.668500	37868552	C	T
19	19:37875631_C_T	61.668500	37875631	T	C
19	19:37878563_T_C	61.668500	37878563	T	C
19	19:37879073_G_A	61.668500	37879073	G	A
19	19:37879589_G_A	61.668500	37879589	G	A
19	19:37898476_T_C	61.669600	37898476	T	C
19	19:37907947_A_G	61.669700	37907947	A	G
19	19:37917794_C_T	61.669700	37917794	C	T
19	19:37923227_T_C	61.669700	37923227	T	C
19	19:37933638_G_A	61.669700	37933638	G	A
19	19:37933936_A_G	61.669700	37933936	A	G
19	19:37940044_A_T	61.669700	37940044	A	T
19	19:37945113_G_T	61.669700	37945113	G	T
19	19:37945274_C_A	61.669700	37945274	C	A
19	19:37950798_G_C	61.669700	37950798	G	C
19	19:37953661_T_C	61.669700	37953661	T	C
19	19:37977386_C_G	61.670800	37977386	C	G
19	19:37980167_G_A	61.672100	37980167	G	A
19	19:37988445_A_G	61.672700	37988445	A	G
19	19:37998237_C_G	61.673000	37998237	C	G
19	19:38005214_G_A	61.673200	38005214	G	A
19	19:38015577_T_G	61.673600	38015577	T	G
19	19:38024271_G_T	61.677100	38024271	G	T
19	19:38027957_G_A	61.680300	38027957	G	A
19	19:38028579_A_G	61.680800	38028579	A	G
19	19:38031252_C_T	61.682200	38031252	C	T
19	19:38040836_T_C	61.682600	38040836	T	C
19	19:38042814_C_T	61.682600	38042814	C	T
19	19:38067999_C_T	61.683000	38067999	T	C
19	19:38074416_G_A	61.683000	38074416	G	A
19	19:38076955_A_C	61.683000	38076955	A	C
19	19:38078680_A_G	61.683000	38078680	A	G
19	19:38081489_G_A	61.683100	38081489	G	A
19	19:38085332_T_C	61.683100	38085332	T	C
19	19:38107485_C_G	61.683800	38107485	G	C
19	19:38125845_T_C	61.684300	38125845	T	C
19	19:38141577_G_C	61.688900	38141577	G	C
19	19:38146923_G_T	61.689100	38146923	G	T
19	19:38149330_A_C	61.689200	38149330	C	A
19	19:38151703_G_A	61.689300	38151703	G	A
19	19:38160565_T_C	61.689700	38160565	T	C
19	19:38167622_C_T	61.690000	38167622	C	T
19	19:38167632_C_T	61.690000	38167632	C	T
19	19:38168913_A_G	61.690000	38168913	G	A
19	19:38173433_C_T	61.690100	38173433	C	T
19	19:38189440_C_T	61.690500	38189440	T	C
19	19:38189555_C_T	61.690500	38189555	C	T
19	19:38189616_C_T	61.690500	38189616	T	C
19	19:38190686_G_A	61.690500	38190686	G	A
19	19:38199462_C_T	61.690800	38199462	T	C
19	19:38201710_T_G	61.690800	38201710	T	G
19	19:38202515_A_G	61.690900	38202515	A	G
19	19:38207632_A_G	61.691100	38207632	A	G
19	19:38209301_T_C	61.691100	38209301	C	T
19	19:38210135_T_C	61.691100	38210135	T	C
19	19:38210986_T_C	61.691200	38210986	T	C
19	19:38221032_G_C	61.691600	38221032	G	C
19	19:38226496_A_C	61.691800	38226496	A	C
19	19:38229378_A_G	61.691900	38229378	G	A
19	19:38229926_A_G	61.691900	38229926	A	G
19	19:38240458_A_G	61.692300	38240458	A	G
19	19:38246606_A_G	61.692500	38246606	A	G
19	19:38250656_C_T	61.692700	38250656	T	C
19	19:38283126_C_T	61.694000	38283126	T	C
19	19:38291862_A_G	61.695200	38291862	A	G
19	19:38292025_C_T	61.695200	38292025	C	T
19	19:38297041_A_G	61.696100	38297041	A	G
19	19:38298617_G_A	61.696100	38298617	G	A
19	19:38325536_G_C	61.696700	38325536	G	C
19	19:38327261_T_G	61.696800	38327261	T	G
19	19:38336811_T_C	61.697100	38336811	T	C
19	19:38339192_A_G	61.697200	38339192	A	G
19	19:38363084_A_G	61.699000	38363084	A	G
19	19:38367705_T_C	61.699100	38367705	C	T
19	19:38375666_T_C	61.699200	38375666	T	C
19	19:38376485_A_T	61.699200	38376485	T	A
19	19:38376848_C_T	61.699200	38376848	C	T
19	19:38377772_T_C	61.699200	38377772	T	C
19	19:38377773_A_G	61.699200	38377773	A	G
19	19:38378539_C_G	61.699200	38378539	G	C
19	19:38379446_T_C	61.699200	38379446	T	C
19	19:38384421_G_C	61.700100	38384421	C	G
19	19:38384689_T_C	61.700200	38384689	T	C
19	19:38391326_C_A	61.700600	38391326	C	A
19	19:38397213_G_A	61.700700	38397213	G	A
19	19:38417373_T_C	61.700800	38417373	T	C
19	19:38424544_T_C	61.700800	38424544	T	C
