19	19:36838688_T_C	61.4504	36838688	T	C
19	19:36847742_G_A	61.4508	36847742	G	A
19	19:36848339_G_C	61.4508	36848339	G	C
19	19:36856251_T_G	61.4523	36856251	G	T
19	19:36867648_T_C	61.4526	36867648	T	C
19	19:36876511_G_C	61.4542	36876511	G	C
19	19:36880484_C_T	61.4543	36880484	T	C
19	19:36881643_G_A	61.4543	36881643	G	A
19	19:36882133_T_C	61.4543	36882133	T	C
19	19:36908677_C_T	61.4553	36908677	C	T
19	19:36918102_G_A	61.4829	36918102	G	A
19	19:36919589_A_G	61.4878	36919589	A	G
19	19:36922125_G_A	61.4961	36922125	G	A
19	19:36925046_A_C	61.5058	36925046	A	C
19	19:36940698_G_A	61.5184	36940698	G	A
19	19:36940760_T_G	61.5184	36940760	G	T
19	19:36941144_C_T	61.5184	36941144	T	C
19	19:36942264_C_T	61.5184	36942264	C	T
19	19:36956110_T_C	61.5187	36956110	C	T
19	19:36957653_C_T	61.5187	36957653	C	T
19	19:36963743_T_C	61.5189	36963743	T	C
19	19:36969880_A_C	61.5191	36969880	A	C
19	19:36970952_G_A	61.5191	36970952	G	A
19	19:36997544_A_C	61.5203	36997544	A	C
19	19:37004938_C_T	61.5205	37004938	C	T
19	19:37005298_G_A	61.5205	37005298	G	A
19	19:37005998_G_A	61.5205	37005998	G	A
19	19:37011360_A_G	61.5207	37011360	G	A
19	19:37022471_G_T	61.5209	37022471	T	G
19	19:37038092_C_T	61.5285	37038092	C	T
19	19:37038416_C_T	61.529	37038416	C	T
19	19:37039069_C_A	61.5291	37039069	A	C
19	19:37047472_A_G	61.5323	37047472	G	A
19	19:37050703_A_C	61.533	37050703	A	C
19	19:37053965_C_T	61.5333	37053965	C	T
19	19:37074430_A_G	61.5393	37074430	A	G
19	19:37083943_A_C	61.5396	37083943	A	C
19	19:37107440_G_A	61.5402	37107440	G	A
19	19:37108435_T_C	61.5403	37108435	T	C
19	19:37108935_A_G	61.5403	37108935	A	G
19	19:37117302_G_A	61.5405	37117302	A	G
19	19:37117490_G_A	61.5405	37117490	G	A
19	19:37118439_T_C	61.5406	37118439	T	C
19	19:37129806_A_G	61.544	37129806	A	G
19	19:37134737_C_T	61.5441	37134737	C	T
19	19:37156918_A_G	61.5457	37156918	A	G
19	19:37169246_C_G	61.5457	37169246	C	G
19	19:37169914_T_C	61.5457	37169914	T	C
19	19:37173385_C_T	61.546	37173385	C	T
19	19:37175752_A_G	61.5463	37175752	A	G
19	19:37183250_G_A	61.547	37183250	G	A
19	19:37201334_A_C	61.5471	37201334	A	C
19	19:37209866_C_T	61.5477	37209866	C	T
19	19:37210529_G_A	61.5478	37210529	G	A
19	19:37220436_A_G	61.5486	37220436	A	G
19	19:37230491_T_C	61.555	37230491	T	C
19	19:37241781_A_G	61.5568	37241781	A	G
19	19:37245743_A_G	61.5575	37245743	G	A
19	19:37257416_T_C	61.5593	37257416	T	C
19	19:37261823_G_A	61.5599	37261823	G	A
19	19:37267194_T_G	61.5614	37267194	T	G
19	19:37287405_C_T	61.563	37287405	C	T
19	19:37288454_T_C	61.5631	37288454	C	T
19	19:37288814_G_A	61.5631	37288814	G	A
19	19:37292143_T_G	61.5634	37292143	T	G
19	19:37297957_C_T	61.5636	37297957	C	T
19	19:37298389_T_C	61.5637	37298389	T	C
19	19:37310344_C_T	61.5645	37310344	C	T
19	19:37315562_A_G	61.5651	37315562	A	G
19	19:37326284_T_G	61.569	37326284	T	G
19	19:37328073_T_C	61.5692	37328073	T	C
19	19:37339156_G_T	61.5747	37339156	G	T
19	19:37347166_T_C	61.585	37347166	T	C
19	19:37349801_C_A	61.5852	37349801	C	A
19	19:37353791_T_C	61.5854	37353791	T	C
19	19:37356065_T_C	61.5855	37356065	T	C
19	19:37363157_G_A	61.5859	37363157	G	A
19	19:37368535_C_G	61.5862	37368535	C	G
19	19:37376756_A_G	61.6003	37376756	A	G
19	19:37395957_G_A	61.6076	37395957	G	A
19	19:37402778_T_G	61.6088	37402778	T	G
19	19:37407938_A_G	61.61	37407938	A	G
19	19:37413196_C_G	61.6108	37413196	C	G
19	19:37413351_A_G	61.6108	37413351	A	G
19	19:37425609_T_C	61.6108	37425609	T	C
19	19:37429026_G_A	61.6108	37429026	G	A
19	19:37437106_T_C	61.6114	37437106	T	C
19	19:37438418_C_T	61.6114	37438418	C	T
19	19:37440497_T_A	61.6114	37440497	T	A
19	19:37441365_C_T	61.6114	37441365	C	T
19	19:37441980_G_A	61.6114	37441980	A	G
19	19:37455903_G_A	61.623	37455903	G	A
19	19:37464606_T_G	61.6252	37464606	T	G
19	19:37469457_T_C	61.6253	37469457	T	C
19	19:37472171_C_T	61.6264	37472171	T	C
19	19:37482151_G_A	61.6276	37482151	A	G
19	19:37487632_A_G	61.6276	37487632	G	A
19	19:37487723_A_G	61.6276	37487723	G	A
19	19:37487873_A_C	61.6276	37487873	C	A
19	19:37487975_A_G	61.6276	37487975	A	G
19	19:37488055_G_T	61.6276	37488055	G	T
19	19:37493706_C_T	61.6294	37493706	C	T
19	19:37516086_C_T	61.6365	37516086	C	T
19	19:37528528_A_G	61.6377	37528528	A	G
19	19:37546309_A_G	61.6377	37546309	A	G
19	19:37548105_T_C	61.6377	37548105	T	C
19	19:37549756_T_C	61.6377	37549756	T	C
19	19:37560106_T_C	61.6378	37560106	T	C
19	19:37579810_A_G	61.6391	37579810	G	A
19	19:37593096_A_G	61.6402	37593096	G	A
19	19:37597904_T_C	61.6402	37597904	T	C
19	19:37613594_G_A	61.6402	37613594	G	A
19	19:37620531_C_A	61.6404	37620531	C	A
19	19:37621652_G_C	61.6404	37621652	G	C
19	19:37635453_A_G	61.6427	37635453	A	G
19	19:37636776_C_A	61.6429	37636776	A	C
19	19:37639266_A_G	61.6433	37639266	A	G
19	19:37642922_T_C	61.6438	37642922	C	T
19	19:37643777_T_C	61.644	37643777	T	C
19	19:37644370_A_T	61.6441	37644370	A	T
19	19:37644489_T_A	61.6441	37644489	T	A
19	19:37650573_G_A	61.645	37650573	G	A
19	19:37654976_G_A	61.6458	37654976	G	A
19	19:37658453_G_A	61.646	37658453	G	A
19	19:37685602_A_C	61.6512	37685602	A	C
19	19:37690420_T_C	61.6565	37690420	C	T
19	19:37705345_T_C	61.6572	37705345	T	C
19	19:37720855_T_G	61.6586	37720855	T	G
19	19:37723924_G_A	61.6588	37723924	G	A
19	19:37732037_T_C	61.6597	37732037	T	C
19	19:37733771_C_A	61.6601	37733771	C	A
19	19:37734888_A_C	61.6626	37734888	A	C
19	19:37737065_C_A	61.6632	37737065	C	A
19	19:37737850_G_A	61.6633	37737850	G	A
19	19:37747224_G_A	61.6634	37747224	G	A
19	19:37798718_T_C	61.6635	37798718	T	C
19	19:37799175_G_T	61.6635	37799175	G	T
19	19:37800320_C_T	61.6636	37800320	C	T
19	19:37804351_G_C	61.664	37804351	G	C
19	19:37818858_A_G	61.6678	37818858	A	G
19	19:37820230_A_G	61.6678	37820230	A	G
19	19:37829792_A_G	61.6684	37829792	A	G
19	19:37835658_T_C	61.6685	37835658	T	C
19	19:37842735_C_T	61.6685	37842735	C	T
19	19:37844258_A_G	61.6685	37844258	A	G
19	19:37854040_A_G	61.6685	37854040	A	G
19	19:37854235_T_G	61.6685	37854235	T	G
19	19:37854580_T_C	61.6685	37854580	T	C
19	19:37864682_G_T	61.6685	37864682	G	T
19	19:37868552_C_T	61.6685	37868552	C	T
19	19:37875631_C_T	61.6685	37875631	T	C
19	19:37878563_T_C	61.6685	37878563	T	C
19	19:37879073_G_A	61.6685	37879073	G	A
19	19:37879589_G_A	61.6685	37879589	G	A
19	19:37898476_T_C	61.6696	37898476	T	C
19	19:37907947_A_G	61.6697	37907947	A	G
19	19:37917794_C_T	61.6697	37917794	C	T
19	19:37923227_T_C	61.6697	37923227	T	C
19	19:37933638_G_A	61.6697	37933638	G	A
19	19:37933936_A_G	61.6697	37933936	A	G
19	19:37940044_A_T	61.6697	37940044	A	T
19	19:37945113_G_T	61.6697	37945113	G	T
19	19:37945274_C_A	61.6697	37945274	C	A
19	19:37950798_G_C	61.6697	37950798	G	C
19	19:37953661_T_C	61.6697	37953661	T	C
19	19:37977386_C_G	61.6708	37977386	C	G
19	19:37980167_G_A	61.6721	37980167	G	A
19	19:37988445_A_G	61.6727	37988445	A	G
19	19:37998237_C_G	61.673	37998237	C	G
19	19:38005214_G_A	61.6732	38005214	G	A
19	19:38015577_T_G	61.6736	38015577	T	G
19	19:38024271_G_T	61.6771	38024271	G	T
19	19:38027957_G_A	61.6803	38027957	G	A
19	19:38028579_A_G	61.6808	38028579	A	G
19	19:38031252_C_T	61.6822	38031252	C	T
19	19:38040836_T_C	61.6826	38040836	T	C
19	19:38042814_C_T	61.6826	38042814	C	T
19	19:38067999_C_T	61.683	38067999	T	C
19	19:38074416_G_A	61.683	38074416	G	A
19	19:38076955_A_C	61.683	38076955	A	C
19	19:38078680_A_G	61.683	38078680	A	G
19	19:38081489_G_A	61.6831	38081489	G	A
19	19:38085332_T_C	61.6831	38085332	T	C
19	19:38107485_C_G	61.6838	38107485	G	C
19	19:38125845_T_C	61.6843	38125845	T	C
19	19:38141577_G_C	61.6889	38141577	G	C
19	19:38146923_G_T	61.6891	38146923	G	T
19	19:38149330_A_C	61.6892	38149330	C	A
19	19:38151703_G_A	61.6893	38151703	G	A
19	19:38160565_T_C	61.6897	38160565	T	C
19	19:38167622_C_T	61.69	38167622	C	T
19	19:38167632_C_T	61.69	38167632	C	T
19	19:38168913_A_G	61.69	38168913	G	A
19	19:38173433_C_T	61.6901	38173433	C	T
19	19:38189440_C_T	61.6905	38189440	T	C
19	19:38189555_C_T	61.6905	38189555	C	T
19	19:38189616_C_T	61.6905	38189616	T	C
19	19:38190686_G_A	61.6905	38190686	G	A
19	19:38199462_C_T	61.6908	38199462	T	C
19	19:38201710_T_G	61.6908	38201710	T	G
19	19:38202515_A_G	61.6909	38202515	A	G
19	19:38207632_A_G	61.6911	38207632	A	G
19	19:38209301_T_C	61.6911	38209301	C	T
19	19:38210135_T_C	61.6911	38210135	T	C
19	19:38210986_T_C	61.6912	38210986	T	C
19	19:38221032_G_C	61.6916	38221032	G	C
19	19:38226496_A_C	61.6918	38226496	A	C
19	19:38229378_A_G	61.6919	38229378	G	A
19	19:38229926_A_G	61.6919	38229926	A	G
19	19:38240458_A_G	61.6923	38240458	A	G
19	19:38246606_A_G	61.6925	38246606	A	G
19	19:38250656_C_T	61.6927	38250656	T	C
19	19:38283126_C_T	61.694	38283126	T	C
19	19:38291862_A_G	61.6952	38291862	A	G
19	19:38292025_C_T	61.6952	38292025	C	T
19	19:38297041_A_G	61.6961	38297041	A	G
19	19:38298617_G_A	61.6961	38298617	G	A
19	19:38325536_G_C	61.6967	38325536	G	C
19	19:38327261_T_G	61.6968	38327261	T	G
19	19:38336811_T_C	61.6971	38336811	T	C
19	19:38339192_A_G	61.6972	38339192	A	G
19	19:38363084_A_G	61.699	38363084	A	G
19	19:38367705_T_C	61.6991	38367705	C	T
19	19:38375666_T_C	61.6992	38375666	T	C
19	19:38376485_A_T	61.6992	38376485	T	A
19	19:38376848_C_T	61.6992	38376848	C	T
19	19:38377772_T_C	61.6992	38377772	T	C
19	19:38377773_A_G	61.6992	38377773	A	G
19	19:38378539_C_G	61.6992	38378539	G	C
19	19:38379446_T_C	61.6992	38379446	T	C
19	19:38384421_G_C	61.7001	38384421	C	G
19	19:38384689_T_C	61.7002	38384689	T	C
19	19:38391326_C_A	61.7006	38391326	C	A
19	19:38397213_G_A	61.7007	38397213	G	A
19	19:38417373_T_C	61.7008	38417373	T	C
19	19:38424544_T_C	61.7008	38424544	T	C
19	19:38427097_C_A	61.7008	38427097	A	C
19	19:38432391_A_G	61.7008	38432391	A	G
19	19:38438694_C_T	61.7017	38438694	C	T
19	19:38457837_C_T	61.7057	38457837	C	T
19	19:38464788_A_T	61.7074	38464788	T	A
19	19:38465761_T_G	61.7074	38465761	T	G
19	19:38470742_T_C	61.7091	38470742	T	C
19	19:38471580_A_G	61.7094	38471580	A	G
19	19:38473157_A_G	61.7097	38473157	A	G
19	19:38473929_C_G	61.7099	38473929	G	C
19	19:38474095_C_T	61.7167	38474095	C	T
19	19:38475123_T_C	61.7827	38475123	T	C
19	19:38475375_T_C	61.7989	38475375	C	T
19	19:38475591_C_A	61.8092	38475591	C	A
19	19:38477481_T_C	61.8302	38477481	T	C
19	19:38478280_T_C	61.8304	38478280	C	T
19	19:38486123_T_C	61.8343	38486123	T	C
19	19:38497288_G_A	61.8372	38497288	G	A
19	19:38497453_T_C	61.8372	38497453	T	C
19	19:38501417_G_C	61.8382	38501417	C	G
19	19:38505645_C_G	61.8398	38505645	C	G
19	19:38517387_A_G	61.8506	38517387	A	G
19	19:38522972_T_C	61.8539	38522972	T	C
19	19:38524768_T_C	61.8549	38524768	T	C
19	19:38527052_A_C	61.8556	38527052	A	C
19	19:38528311_A_G	61.8559	38528311	A	G
19	19:38534304_G_A	61.8573	38534304	G	A
19	19:38534650_A_G	61.8573	38534650	A	G
19	19:38535535_A_G	61.8574	38535535	A	G
19	19:38543903_C_A	61.858	38543903	C	A
19	19:38552461_C_G	61.8637	38552461	C	G
19	19:38559641_T_C	61.8676	38559641	T	C
19	19:38560003_T_G	61.8686	38560003	T	G
19	19:38563162_T_C	61.8716	38563162	T	C
19	19:38569359_A_G	61.8725	38569359	A	G
19	19:38572894_T_C	61.8729	38572894	T	C
19	19:38573068_T_C	61.8729	38573068	T	C
19	19:38573139_T_G	61.8729	38573139	T	G
19	19:38573347_C_T	61.8729	38573347	C	T
19	19:38578183_A_G	61.8734	38578183	A	G
19	19:38610504_A_G	61.8789	38610504	A	G
19	19:38621473_A_G	61.8816	38621473	G	A
19	19:38625946_T_C	61.8838	38625946	T	C
19	19:38643539_T_C	61.885	38643539	T	C
19	19:38652962_T_C	61.8857	38652962	T	C
19	19:38653376_T_C	61.8857	38653376	T	C
19	19:38658607_A_G	61.8884	38658607	A	G
19	19:38661480_A_G	61.8935	38661480	A	G
19	19:38672209_C_T	61.8953	38672209	C	T
19	19:38673298_G_C	61.8955	38673298	G	C
19	19:38673353_A_G	61.8955	38673353	A	G
19	19:38683266_C_A	61.8971	38683266	C	A
19	19:38685802_T_C	61.8997	38685802	T	C
19	19:38686272_A_G	61.9001	38686272	A	G
19	19:38687646_C_T	61.9015	38687646	C	T
19	19:38688977_C_G	61.9029	38688977	C	G
19	19:38690006_A_C	61.9039	38690006	C	A
19	19:38697577_G_A	61.9125	38697577	G	A
19	19:38700944_C_G	61.9185	38700944	G	C
19	19:38704561_A_G	61.9249	38704561	A	G
19	19:38704921_C_A	61.9256	38704921	C	A
19	19:38705025_A_G	61.9257	38705025	A	G
19	19:38705142_C_A	61.9259	38705142	C	A
19	19:38705237_C_T	61.9261	38705237	C	T
19	19:38706989_A_G	61.9292	38706989	A	G
19	19:38709568_T_C	61.9371	38709568	C	T
19	19:38711515_C_T	61.9382	38711515	C	T
19	19:38715322_A_G	61.9404	38715322	A	G
19	19:38717143_C_T	61.9415	38717143	C	T
19	19:38717264_G_A	61.9415	38717264	A	G
19	19:38725416_C_T	61.9641	38725416	C	T
19	19:38732251_T_C	61.9806	38732251	T	C
19	19:38735581_A_G	61.9813	38735581	A	G
19	19:38735613_T_C	61.9813	38735613	T	C
19	19:38753625_C_T	61.9852	38753625	T	C
19	19:38753676_C_A	61.9852	38753676	C	A
19	19:38755864_T_C	61.9872	38755864	T	C
19	19:38756390_C_G	61.9877	38756390	C	G
19	19:38757790_G_A	61.9888	38757790	G	A
19	19:38758140_A_G	61.989	38758140	A	G
19	19:38765620_A_G	61.9906	38765620	A	G
19	19:38772546_G_A	61.9915	38772546	G	A
19	19:38782485_C_G	61.9954	38782485	C	G
19	19:38789249_A_G	61.9985	38789249	A	G
19	19:38793457_G_T	62.0006	38793457	G	T
19	19:38795159_A_G	62.0014	38795159	A	G
19	19:38798809_A_G	62.003	38798809	A	G
19	19:38800176_A_G	62.0035	38800176	A	G
19	19:38800360_T_C	62.0035	38800360	T	C
19	19:38813909_A_G	62.0051	38813909	A	G
19	19:38814538_G_A	62.0052	38814538	G	A
19	19:38817628_A_G	62.0055	38817628	A	G
19	19:38817876_A_G	62.0055	38817876	A	G
19	19:38824581_T_C	62.0065	38824581	T	C
19	19:38827960_C_T	62.0068	38827960	C	T
19	19:38835158_C_T	62.0075	38835158	C	T
