15	15:49176736_G_A	69.158800	49176736	G	A
15	15:49189983_C_T	69.162300	49189983	C	T
15	15:49192791_C_T	69.163100	49192791	C	T
15	15:49199377_G_A	69.164200	49199377	G	A
15	15:49206628_T_C	69.236800	49206628	T	C
15	15:49206797_G_A	69.239700	49206797	A	G
15	15:49206902_G_A	69.241500	49206902	A	G
15	15:49207137_T_C	69.242800	49207137	T	C
15	15:49207392_C_T	69.244200	49207392	C	T
15	15:49211437_A_C	69.264700	49211437	A	C
15	15:49214056_A_G	69.270600	49214056	G	A
15	15:49219467_A_C	69.278400	49219467	A	C
15	15:49219631_C_T	69.278800	49219631	C	T
15	15:49221591_T_G	69.287200	49221591	T	G
15	15:49222576_G_A	69.289000	49222576	G	A
15	15:49225123_A_C	69.291900	49225123	A	C
15	15:49231050_G_C	69.307800	49231050	G	C
15	15:49232548_C_A	69.310000	49232548	C	A
15	15:49238784_A_G	69.315600	49238784	G	A
15	15:49239824_C_A	69.316000	49239824	C	A
15	15:49246238_G_A	69.334900	49246238	G	A
15	15:49247681_G_T	69.376400	49247681	G	T
15	15:49248001_A_G	69.385600	49248001	A	G
15	15:49248230_A_G	69.392200	49248230	A	G
15	15:49251367_A_G	69.410500	49251367	A	G
15	15:49252284_A_G	69.416600	49252284	A	G
15	15:49253477_G_A	69.428500	49253477	G	A
15	15:49257201_T_G	69.433800	49257201	T	G
15	15:49260805_C_G	69.434100	49260805	C	G
15	15:49261516_C_A	69.434200	49261516	A	C
15	15:49268622_A_C	69.434900	49268622	A	C
15	15:49268711_A_G	69.434900	49268711	A	G
15	15:49273619_A_C	69.441300	49273619	A	C
15	15:49273711_C_T	69.441400	49273711	C	T
15	15:49277153_C_T	69.443500	49277153	C	T
15	15:49279276_C_T	69.443800	49279276	C	T
15	15:49285001_C_G	69.444100	49285001	C	G
15	15:49286874_G_T	69.444200	49286874	G	T
15	15:49293194_A_C	69.444600	49293194	A	C
15	15:49302682_T_C	69.444900	49302682	C	T
15	15:49307436_A_G	69.445100	49307436	A	G
15	15:49308108_A_G	69.445200	49308108	A	G
15	15:49310954_T_C	69.445300	49310954	T	C
15	15:49320389_G_A	69.445400	49320389	G	A
15	15:49321529_C_T	69.445400	49321529	C	T
15	15:49322485_A_G	69.445400	49322485	A	G
15	15:49332423_C_T	69.446000	49332423	C	T
15	15:49375741_A_G	69.452300	49375741	A	G
15	15:49378888_T_C	69.452700	49378888	T	C
15	15:49388249_A_G	69.453800	49388249	A	G
15	15:49394877_G_A	69.455100	49394877	G	A
15	15:49439115_G_T	69.463400	49439115	G	T
15	15:49445216_G_A	69.463700	49445216	A	G
15	15:49445224_A_G	69.463700	49445224	G	A
15	15:49448908_T_C	69.463800	49448908	T	C
15	15:49465581_C_T	69.464000	49465581	C	T
15	15:49470870_T_C	69.464000	49470870	T	C
15	15:49480222_C_A	69.464000	49480222	C	A
15	15:49491656_T_C	69.464100	49491656	T	C
15	15:49494566_G_C	69.464100	49494566	G	C
15	15:49517359_A_G	69.464800	49517359	A	G
15	15:49522953_G_A	69.464800	49522953	G	A
15	15:49532730_A_G	69.464800	49532730	A	G
15	15:49533739_C_T	69.464800	49533739	C	T
15	15:49536535_A_G	69.464800	49536535	A	G
15	15:49558649_G_A	69.464800	49558649	G	A
15	15:49576596_C_T	69.465400	49576596	C	T
15	15:49578577_A_G	69.465400	49578577	A	G
15	15:49582017_A_G	69.465400	49582017	A	G
15	15:49612287_T_C	69.467500	49612287	T	C
15	15:49613508_G_A	69.467500	49613508	G	A
15	15:49620200_T_C	69.467500	49620200	T	C
15	15:49625930_G_A	69.468000	49625930	A	G
15	15:49643378_G_A	69.469600	49643378	G	A
15	15:49645646_T_C	69.469600	49645646	T	C
15	15:49704836_A_G	69.474300	49704836	A	G
15	15:49713221_G_A	69.474800	49713221	G	A
15	15:49730006_T_C	69.475900	49730006	T	C
15	15:49735297_C_T	69.476400	49735297	C	T
15	15:49736189_A_G	69.476500	49736189	A	G
15	15:49736818_A_G	69.476600	49736818	A	G
15	15:49756480_T_G	69.486400	49756480	T	G
15	15:49759128_G_A	69.486400	49759128	G	A
15	15:49764132_C_A	69.486400	49764132	C	A
15	15:49797119_G_A	69.487300	49797119	G	A
15	15:49807971_G_C	69.487500	49807971	G	C
15	15:49813343_C_T	69.488700	49813343	C	T
15	15:49823391_C_T	69.488700	49823391	C	T
15	15:49827711_T_C	69.489100	49827711	T	C
15	15:49845874_C_T	69.489100	49845874	C	T
15	15:49871878_G_C	69.489800	49871878	G	C
15	15:49914182_C_A	69.491200	49914182	C	A
15	15:49914940_C_T	69.491200	49914940	C	T
15	15:49917401_A_G	69.491300	49917401	A	G
15	15:49938470_G_A	69.491300	49938470	G	A
15	15:49939846_T_C	69.491300	49939846	T	C
15	15:49941228_A_T	69.491300	49941228	A	T
15	15:49947688_T_C	69.491300	49947688	T	C
15	15:49952655_G_A	69.491300	49952655	G	A
15	15:49956672_T_C	69.492400	49956672	T	C
15	15:49962915_G_A	69.492500	49962915	G	A
15	15:49967395_G_A	69.493300	49967395	G	A
15	15:49968752_G_A	69.493400	49968752	A	G
15	15:49971759_G_A	69.493500	49971759	G	A
15	15:49972306_C_T	69.493600	49972306	C	T
15	15:49972935_A_G	69.493600	49972935	A	G
15	15:49976678_C_T	69.493800	49976678	C	T
15	15:49983627_G_A	69.494100	49983627	G	A
15	15:49998682_C_T	69.498200	49998682	T	C
15	15:50002399_G_A	69.498800	50002399	G	A
15	15:50007348_C_A	69.661500	50007348	C	A
15	15:50007437_T_C	69.667400	50007437	T	C
15	15:50008043_A_C	69.707300	50008043	A	C
15	15:50008133_C_G	69.710300	50008133	C	G
15	15:50016296_G_A	69.729200	50016296	G	A
15	15:50020318_C_G	69.730300	50020318	C	G
15	15:50027639_G_T	69.731800	50027639	G	T
15	15:50028637_C_T	69.732100	50028637	C	T
15	15:50029771_A_G	69.732800	50029771	A	G
15	15:50039742_A_G	69.748300	50039742	A	G
15	15:50049587_C_A	69.751200	50049587	A	C
15	15:50050824_T_G	69.751200	50050824	T	G
15	15:50053150_C_A	69.751300	50053150	C	A
15	15:50060632_T_C	69.752300	50060632	T	C
15	15:50061115_G_A	69.752400	50061115	G	A
15	15:50064435_C_T	69.752600	50064435	C	T
15	15:50065224_A_G	69.752600	50065224	A	G
15	15:50076831_C_A	69.752800	50076831	C	A
15	15:50087965_A_G	69.753900	50087965	A	G
15	15:50108431_T_C	69.758000	50108431	T	C
15	15:50109454_C_T	69.758000	50109454	C	T
15	15:50119960_G_A	69.759900	50119960	G	A
15	15:50123009_G_C	69.759900	50123009	G	C
15	15:50124399_C_T	69.759900	50124399	T	C
15	15:50133054_G_A	69.761600	50133054	A	G
15	15:50134260_T_C	69.762400	50134260	T	C
15	15:50135058_G_C	69.762900	50135058	G	C
15	15:50138012_T_C	69.763600	50138012	T	C
15	15:50140582_T_C	69.763900	50140582	T	C
15	15:50146582_C_T	69.764900	50146582	C	T
15	15:50146702_C_G	69.764900	50146702	C	G
15	15:50169835_T_G	69.774600	50169835	T	G
15	15:50171694_T_C	69.778000	50171694	T	C
15	15:50171941_T_C	69.778100	50171941	T	C
15	15:50175573_T_G	69.779300	50175573	T	G
15	15:50189303_G_A	69.784300	50189303	G	A
15	15:50192977_A_G	69.916400	50192977	A	G
15	15:50193070_C_T	69.919700	50193070	C	T
15	15:50197166_A_G	69.933200	50197166	A	G
15	15:50197656_G_A	69.933300	50197656	A	G
15	15:50210290_A_G	69.936300	50210290	A	G
15	15:50222447_G_A	69.945000	50222447	G	A
15	15:50226313_T_G	69.945600	50226313	G	T
15	15:50226359_C_G	69.945600	50226359	C	G
15	15:50233450_G_A	69.946700	50233450	A	G
15	15:50233524_T_C	69.946800	50233524	T	C
15	15:50234263_A_G	69.947500	50234263	A	G
15	15:50246913_A_G	69.951000	50246913	G	A
15	15:50247566_A_G	69.951200	50247566	G	A
15	15:50257027_C_T	69.954300	50257027	C	T
15	15:50257670_T_G	69.954300	50257670	T	G
15	15:50264487_T_C	69.954700	50264487	T	C
15	15:50264532_C_T	69.954700	50264532	T	C
15	15:50268370_A_G	69.955000	50268370	A	G
15	15:50272085_G_A	69.961300	50272085	G	A
15	15:50272460_T_C	69.962000	50272460	T	C
15	15:50275502_G_A	69.974100	50275502	G	A
15	15:50276885_T_C	69.983300	50276885	T	C
15	15:50277689_T_C	69.988300	50277689	T	C
15	15:50279662_C_T	69.990100	50279662	C	T
15	15:50282141_A_G	69.995900	50282141	A	G
15	15:50282623_T_C	69.997600	50282623	T	C
15	15:50282661_C_T	69.997800	50282661	C	T
15	15:50288276_G_A	70.000800	50288276	G	A
15	15:50288858_G_T	70.000900	50288858	G	T
15	15:50290361_C_T	70.001000	50290361	T	C
15	15:50295092_G_A	70.001300	50295092	G	A
15	15:50296736_T_C	70.001500	50296736	T	C
15	15:50301481_C_T	70.002100	50301481	C	T
15	15:50318197_T_G	70.006700	50318197	T	G
15	15:50320288_T_G	70.007000	50320288	T	G
15	15:50322743_G_A	70.007300	50322743	G	A
15	15:50353472_A_C	70.033500	50353472	A	C
15	15:50355225_C_T	70.034900	50355225	C	T
15	15:50355708_A_T	70.035100	50355708	A	T
15	15:50357119_A_G	70.035700	50357119	A	G
15	15:50367091_G_A	70.043400	50367091	G	A
15	15:50369216_A_C	70.045400	50369216	A	C
15	15:50373740_A_C	70.049600	50373740	A	C
15	15:50374150_C_T	70.049900	50374150	C	T
15	15:50392995_G_C	70.056800	50392995	G	C
15	15:50397504_T_C	70.057500	50397504	C	T
15	15:50399646_G_A	70.057900	50399646	G	A
15	15:50404433_C_A	70.060700	50404433	C	A
15	15:50408803_C_G	70.067000	50408803	C	G
15	15:50409125_A_G	70.067400	50409125	A	G
15	15:50410658_A_G	70.069400	50410658	A	G
15	15:50411356_T_A	70.070200	50411356	T	A
15	15:50416637_C_A	70.072800	50416637	C	A
15	15:50422189_G_A	70.079300	50422189	A	G
15	15:50427949_A_G	70.080100	50427949	A	G
15	15:50432001_C_T	70.081000	50432001	C	T
15	15:50433085_C_T	70.081200	50433085	C	T
15	15:50436458_C_A	70.081700	50436458	C	A
15	15:50437063_A_G	70.081800	50437063	G	A
15	15:50440232_A_C	70.086800	50440232	C	A
15	15:50455895_T_C	70.091300	50455895	T	C
15	15:50459711_A_G	70.092100	50459711	A	G
15	15:50460671_G_A	70.092300	50460671	G	A
15	15:50460968_A_G	70.092400	50460968	A	G
15	15:50473440_T_G	70.097800	50473440	T	G
15	15:50474229_G_A	70.097800	50474229	G	A
15	15:50474766_C_A	70.097900	50474766	A	C
15	15:50474900_T_C	70.097900	50474900	T	C
15	15:50477139_A_G	70.098100	50477139	A	G
15	15:50480274_T_C	70.098400	50480274	T	C
15	15:50481429_C_G	70.098600	50481429	C	G
15	15:50486611_G_A	70.099100	50486611	G	A
15	15:50515969_T_C	70.130600	50515969	T	C
15	15:50516329_T_G	70.130700	50516329	T	G
15	15:50523757_T_G	70.132200	50523757	T	G
15	15:50530226_G_A	70.135400	50530226	G	A
15	15:50534514_G_T	70.136100	50534514	G	T
15	15:50542705_T_C	70.146800	50542705	T	C
15	15:50543891_T_C	70.148800	50543891	T	C
15	15:50548243_T_C	70.155900	50548243	T	C
15	15:50549096_C_A	70.157100	50549096	C	A
15	15:50550900_T_C	70.159700	50550900	T	C
15	15:50553077_G_A	70.162600	50553077	G	A
15	15:50555011_T_C	70.164900	50555011	C	T
15	15:50555544_A_G	70.165500	50555544	A	G
15	15:50559747_T_C	70.185800	50559747	T	C
15	15:50562847_G_A	70.192800	50562847	G	A
15	15:50569349_G_T	70.193300	50569349	T	G
15	15:50572477_A_G	70.194000	50572477	A	G
15	15:50581906_A_G	70.197400	50581906	A	G
15	15:50615365_C_T	70.199200	50615365	T	C
15	15:50617376_C_T	70.199200	50617376	C	T
15	15:50638677_C_A	70.199200	50638677	C	A
15	15:50641385_C_T	70.199800	50641385	C	T
15	15:50642672_C_T	70.200000	50642672	C	T
15	15:50647353_A_C	70.202300	50647353	A	C
15	15:50647450_T_C	70.202400	50647450	T	C
15	15:50648940_T_C	70.203300	50648940	T	C
15	15:50650848_G_A	70.204400	50650848	G	A
15	15:50661449_G_A	70.205700	50661449	G	A
15	15:50666309_C_T	70.206100	50666309	C	T
15	15:50680796_G_A	70.211200	50680796	G	A
15	15:50681092_G_A	70.211300	50681092	G	A
15	15:50691645_T_C	70.223700	50691645	C	T
15	15:50696581_A_G	70.238100	50696581	G	A
15	15:50699554_A_G	70.242200	50699554	G	A
15	15:50702512_T_C	70.246200	50702512	T	C
15	15:50702747_A_C	70.246600	50702747	A	C
15	15:50709127_C_T	70.255300	50709127	T	C
15	15:50710828_G_C	70.315200	50710828	G	C
15	15:50712067_T_C	70.364300	50712067	C	T
15	15:50712406_C_T	70.377800	50712406	T	C
15	15:50713037_G_A	70.377800	50713037	A	G
15	15:50714952_G_A	70.378100	50714952	G	A
15	15:50716907_T_C	70.378400	50716907	T	C
15	15:50722160_T_C	70.380100	50722160	T	C
15	15:50725602_C_T	70.380400	50725602	C	T
15	15:50729949_T_C	70.380700	50729949	T	C
15	15:50734576_A_G	70.381000	50734576	A	G
15	15:50756623_A_C	70.382700	50756623	A	C
15	15:50758462_A_C	70.382800	50758462	A	C
15	15:50769520_A_G	70.383100	50769520	A	G
15	15:50771407_A_G	70.383200	50771407	A	G
15	15:50773787_G_A	70.383400	50773787	G	A
15	15:50782703_G_A	70.384900	50782703	G	A
15	15:50783777_A_G	70.385100	50783777	A	G
15	15:50786024_C_T	70.385600	50786024	C	T
15	15:50789423_A_G	70.387100	50789423	A	G
15	15:50792874_A_G	70.387800	50792874	A	G
15	15:50799838_T_G	70.389300	50799838	T	G
15	15:50812441_A_G	70.391900	50812441	A	G
15	15:50816403_T_C	70.392700	50816403	T	C
15	15:50816710_G_A	70.392800	50816710	G	A
15	15:50819787_G_T	70.393400	50819787	G	T
15	15:50821171_G_A	70.393700	50821171	G	A
15	15:50823530_A_G	70.394300	50823530	A	G
15	15:50832176_G_A	70.395200	50832176	A	G
15	15:50840057_A_G	70.396800	50840057	A	G
15	15:50846593_T_C	70.398100	50846593	T	C
15	15:50849399_C_T	70.399100	50849399	C	T
15	15:50853413_C_T	70.399100	50853413	C	T
15	15:50857460_G_T	70.399200	50857460	G	T
15	15:50863966_C_T	70.399300	50863966	C	T
15	15:50865894_C_T	70.399300	50865894	C	T
15	15:50867841_T_C	70.399300	50867841	T	C
15	15:50877583_T_C	70.399700	50877583	T	C
15	15:50878630_A_G	70.399900	50878630	A	G
15	15:50881588_A_G	70.400000	50881588	A	G
15	15:50889768_G_A	70.400500	50889768	G	A
15	15:50900606_C_G	70.401000	50900606	C	G
15	15:50903600_T_C	70.401100	50903600	T	C
15	15:50903783_G_C	70.401200	50903783	G	C
15	15:50942452_A_G	70.404400	50942452	G	A
15	15:50954947_C_T	70.406400	50954947	C	T
15	15:50961880_G_T	70.406600	50961880	G	T
15	15:50968906_C_A	70.406800	50968906	C	A
15	15:50974496_T_C	70.407000	50974496	C	T
15	15:50975008_C_T	70.407000	50975008	C	T
15	15:50979193_T_C	70.407900	50979193	T	C
15	15:50999299_T_C	70.420500	50999299	T	C
15	15:51001534_G_T	70.420900	51001534	G	T
15	15:51006324_A_G	70.421900	51006324	A	G
15	15:51007729_T_C	70.422200	51007729	T	C
15	15:51012201_C_G	70.423700	51012201	C	G
15	15:51012501_T_C	70.423700	51012501	T	C
15	15:51017212_G_A	70.423900	51017212	G	A
15	15:51018578_C_A	70.424000	51018578	C	A
15	15:51025355_T_C	70.424200	51025355	T	C
15	15:51027607_T_C	70.424300	51027607	T	C
15	15:51034652_T_C	70.425200	51034652	T	C
15	15:51040798_C_T	70.426300	51040798	C	T
15	15:51048602_C_G	70.426600	51048602	C	G
15	15:51051044_T_C	70.428100	51051044	T	C
15	15:51087116_T_C	70.461600	51087116	T	C
15	15:51095313_G_C	70.463200	51095313	C	G
15	15:51098797_T_C	70.463900	51098797	T	C
15	15:51132529_T_C	70.466500	51132529	T	C
15	15:51139107_C_A	70.466900	51139107	C	A
15	15:51147215_A_G	70.467400	51147215	A	G
15	15:51166767_A_C	70.468600	51166767	C	A
15	15:51169875_G_A	70.469300	51169875	A	G
15	15:51171108_C_T	70.469900	51171108	C	T
