15	15:49480222_C_A	69.464	49480222	C	A
15	15:49491656_T_C	69.4641	49491656	T	C
15	15:49494566_G_C	69.4641	49494566	G	C
15	15:49517359_A_G	69.4648	49517359	A	G
15	15:49522953_G_A	69.4648	49522953	G	A
15	15:49532730_A_G	69.4648	49532730	A	G
15	15:49533739_C_T	69.4648	49533739	C	T
15	15:49536535_A_G	69.4648	49536535	A	G
15	15:49558649_G_A	69.4648	49558649	G	A
15	15:49576596_C_T	69.4654	49576596	C	T
15	15:49578577_A_G	69.4654	49578577	A	G
15	15:49582017_A_G	69.4654	49582017	A	G
15	15:49612287_T_C	69.4675	49612287	T	C
15	15:49613508_G_A	69.4675	49613508	G	A
15	15:49620200_T_C	69.4675	49620200	T	C
15	15:49625930_G_A	69.468	49625930	A	G
15	15:49643378_G_A	69.4696	49643378	G	A
15	15:49645646_T_C	69.4696	49645646	T	C
15	15:49704836_A_G	69.4743	49704836	A	G
15	15:49713221_G_A	69.4748	49713221	G	A
15	15:49730006_T_C	69.4759	49730006	T	C
15	15:49735297_C_T	69.4764	49735297	C	T
15	15:49736189_A_G	69.4765	49736189	A	G
15	15:49736818_A_G	69.4766	49736818	A	G
15	15:49756480_T_G	69.4864	49756480	T	G
15	15:49759128_G_A	69.4864	49759128	G	A
15	15:49764132_C_A	69.4864	49764132	C	A
15	15:49797119_G_A	69.4873	49797119	G	A
15	15:49807971_G_C	69.4875	49807971	G	C
15	15:49813343_C_T	69.4887	49813343	C	T
15	15:49823391_C_T	69.4887	49823391	C	T
15	15:49827711_T_C	69.4891	49827711	T	C
15	15:49845874_C_T	69.4891	49845874	C	T
15	15:49871878_G_C	69.4898	49871878	G	C
15	15:49914182_C_A	69.4912	49914182	C	A
15	15:49914940_C_T	69.4912	49914940	C	T
15	15:49917401_A_G	69.4913	49917401	A	G
15	15:49938470_G_A	69.4913	49938470	G	A
15	15:49939846_T_C	69.4913	49939846	T	C
15	15:49941228_A_T	69.4913	49941228	A	T
15	15:49947688_T_C	69.4913	49947688	T	C
15	15:49952655_G_A	69.4913	49952655	G	A
15	15:49956672_T_C	69.4924	49956672	T	C
15	15:49962915_G_A	69.4925	49962915	G	A
15	15:49967395_G_A	69.4933	49967395	G	A
15	15:49968752_G_A	69.4934	49968752	A	G
15	15:49971759_G_A	69.4935	49971759	G	A
15	15:49972306_C_T	69.4936	49972306	C	T
15	15:49972935_A_G	69.4936	49972935	A	G
15	15:49976678_C_T	69.4938	49976678	C	T
15	15:49983627_G_A	69.4941	49983627	G	A
15	15:49998682_C_T	69.4982	49998682	T	C
15	15:50002399_G_A	69.4988	50002399	G	A
15	15:50007348_C_A	69.6615	50007348	C	A
15	15:50007437_T_C	69.6674	50007437	T	C
15	15:50008043_A_C	69.7073	50008043	A	C
15	15:50008133_C_G	69.7103	50008133	C	G
15	15:50016296_G_A	69.7292	50016296	G	A
15	15:50020318_C_G	69.7303	50020318	C	G
15	15:50027639_G_T	69.7318	50027639	G	T
15	15:50028637_C_T	69.7321	50028637	C	T
15	15:50029771_A_G	69.7328	50029771	A	G
15	15:50039742_A_G	69.7483	50039742	A	G
15	15:50049587_C_A	69.7512	50049587	A	C
15	15:50050824_T_G	69.7512	50050824	T	G
15	15:50053150_C_A	69.7513	50053150	C	A
15	15:50060632_T_C	69.7523	50060632	T	C
15	15:50061115_G_A	69.7524	50061115	G	A
15	15:50064435_C_T	69.7526	50064435	C	T
15	15:50065224_A_G	69.7526	50065224	A	G
15	15:50076831_C_A	69.7528	50076831	C	A
15	15:50087965_A_G	69.7539	50087965	A	G
15	15:50108431_T_C	69.758	50108431	T	C
15	15:50109454_C_T	69.758	50109454	C	T
15	15:50119960_G_A	69.7599	50119960	G	A
15	15:50123009_G_C	69.7599	50123009	G	C
15	15:50124399_C_T	69.7599	50124399	T	C
15	15:50133054_G_A	69.7616	50133054	A	G
15	15:50134260_T_C	69.7624	50134260	T	C
15	15:50135058_G_C	69.7629	50135058	G	C
15	15:50138012_T_C	69.7636	50138012	T	C
15	15:50140582_T_C	69.7639	50140582	T	C
15	15:50146582_C_T	69.7649	50146582	C	T
15	15:50146702_C_G	69.7649	50146702	C	G
15	15:50169835_T_G	69.7746	50169835	T	G
15	15:50171694_T_C	69.778	50171694	T	C
15	15:50171941_T_C	69.7781	50171941	T	C
15	15:50175573_T_G	69.7793	50175573	T	G
15	15:50189303_G_A	69.7843	50189303	G	A
15	15:50192977_A_G	69.9164	50192977	A	G
15	15:50193070_C_T	69.9197	50193070	C	T
15	15:50197166_A_G	69.9332	50197166	A	G
15	15:50197656_G_A	69.9333	50197656	A	G
15	15:50210290_A_G	69.9363	50210290	A	G
15	15:50222447_G_A	69.945	50222447	G	A
15	15:50226313_T_G	69.9456	50226313	G	T
15	15:50226359_C_G	69.9456	50226359	C	G
15	15:50233450_G_A	69.9467	50233450	A	G
15	15:50233524_T_C	69.9468	50233524	T	C
15	15:50234263_A_G	69.9475	50234263	A	G
15	15:50246913_A_G	69.951	50246913	G	A
15	15:50247566_A_G	69.9512	50247566	G	A
15	15:50257027_C_T	69.9543	50257027	C	T
15	15:50257670_T_G	69.9543	50257670	T	G
15	15:50264487_T_C	69.9547	50264487	T	C
15	15:50264532_C_T	69.9547	50264532	T	C
15	15:50268370_A_G	69.955	50268370	A	G
15	15:50272085_G_A	69.9613	50272085	G	A
15	15:50272460_T_C	69.962	50272460	T	C
15	15:50275502_G_A	69.9741	50275502	G	A
15	15:50276885_T_C	69.9833	50276885	T	C
15	15:50277689_T_C	69.9883	50277689	T	C
15	15:50279662_C_T	69.9901	50279662	C	T
15	15:50282141_A_G	69.9959	50282141	A	G
15	15:50282623_T_C	69.9976	50282623	T	C
15	15:50282661_C_T	69.9978	50282661	C	T
15	15:50288276_G_A	70.0008	50288276	G	A
15	15:50288858_G_T	70.0009	50288858	G	T
15	15:50290361_C_T	70.001	50290361	T	C
15	15:50295092_G_A	70.0013	50295092	G	A
15	15:50296736_T_C	70.0015	50296736	T	C
15	15:50301481_C_T	70.0021	50301481	C	T
15	15:50318197_T_G	70.0067	50318197	T	G
15	15:50320288_T_G	70.007	50320288	T	G
15	15:50322743_G_A	70.0073	50322743	G	A
15	15:50353472_A_C	70.0335	50353472	A	C
15	15:50355225_C_T	70.0349	50355225	C	T
15	15:50355708_A_T	70.0351	50355708	A	T
15	15:50357119_A_G	70.0357	50357119	A	G
15	15:50367091_G_A	70.0434	50367091	G	A
15	15:50369216_A_C	70.0454	50369216	A	C
15	15:50373740_A_C	70.0496	50373740	A	C
15	15:50374150_C_T	70.0499	50374150	C	T
15	15:50392995_G_C	70.0568	50392995	G	C
15	15:50397504_T_C	70.0575	50397504	C	T
15	15:50399646_G_A	70.0579	50399646	G	A
15	15:50404433_C_A	70.0607	50404433	C	A
15	15:50408803_C_G	70.067	50408803	C	G
15	15:50409125_A_G	70.0674	50409125	A	G
15	15:50410658_A_G	70.0694	50410658	A	G
15	15:50411356_T_A	70.0702	50411356	T	A
15	15:50416637_C_A	70.0728	50416637	C	A
15	15:50422189_G_A	70.0793	50422189	A	G
15	15:50427949_A_G	70.0801	50427949	A	G
15	15:50432001_C_T	70.081	50432001	C	T
15	15:50433085_C_T	70.0812	50433085	C	T
15	15:50436458_C_A	70.0817	50436458	C	A
15	15:50437063_A_G	70.0818	50437063	G	A
15	15:50440232_A_C	70.0868	50440232	C	A
15	15:50455895_T_C	70.0913	50455895	T	C
15	15:50459711_A_G	70.0921	50459711	A	G
15	15:50460671_G_A	70.0923	50460671	G	A
15	15:50460968_A_G	70.0924	50460968	A	G
15	15:50473440_T_G	70.0978	50473440	T	G
15	15:50474229_G_A	70.0978	50474229	G	A
15	15:50474766_C_A	70.0979	50474766	A	C
15	15:50474900_T_C	70.0979	50474900	T	C
15	15:50477139_A_G	70.0981	50477139	A	G
15	15:50480274_T_C	70.0984	50480274	T	C
15	15:50481429_C_G	70.0986	50481429	C	G
15	15:50486611_G_A	70.0991	50486611	G	A
15	15:50515969_T_C	70.1306	50515969	T	C
15	15:50516329_T_G	70.1307	50516329	T	G
15	15:50523757_T_G	70.1322	50523757	T	G
15	15:50530226_G_A	70.1354	50530226	G	A
15	15:50534514_G_T	70.1361	50534514	G	T
15	15:50542705_T_C	70.1468	50542705	T	C
15	15:50543891_T_C	70.1488	50543891	T	C
15	15:50548243_T_C	70.1559	50548243	T	C
15	15:50549096_C_A	70.1571	50549096	C	A
15	15:50550900_T_C	70.1597	50550900	T	C
15	15:50553077_G_A	70.1626	50553077	G	A
15	15:50555011_T_C	70.1649	50555011	C	T
15	15:50555544_A_G	70.1655	50555544	A	G
15	15:50559747_T_C	70.1858	50559747	T	C
15	15:50562847_G_A	70.1928	50562847	G	A
15	15:50569349_G_T	70.1933	50569349	T	G
15	15:50572477_A_G	70.194	50572477	A	G
15	15:50581906_A_G	70.1974	50581906	A	G
15	15:50615365_C_T	70.1992	50615365	T	C
15	15:50617376_C_T	70.1992	50617376	C	T
15	15:50638677_C_A	70.1992	50638677	C	A
15	15:50641385_C_T	70.1998	50641385	C	T
15	15:50642672_C_T	70.2	50642672	C	T
15	15:50647353_A_C	70.2023	50647353	A	C
15	15:50647450_T_C	70.2024	50647450	T	C
15	15:50648940_T_C	70.2033	50648940	T	C
15	15:50650848_G_A	70.2044	50650848	G	A
15	15:50661449_G_A	70.2057	50661449	G	A
15	15:50666309_C_T	70.2061	50666309	C	T
15	15:50680796_G_A	70.2112	50680796	G	A
15	15:50681092_G_A	70.2113	50681092	G	A
15	15:50691645_T_C	70.2237	50691645	C	T
15	15:50696581_A_G	70.2381	50696581	G	A
15	15:50699554_A_G	70.2422	50699554	G	A
15	15:50702512_T_C	70.2462	50702512	T	C
15	15:50702747_A_C	70.2466	50702747	A	C
15	15:50709127_C_T	70.2553	50709127	T	C
15	15:50710828_G_C	70.3152	50710828	G	C
15	15:50712067_T_C	70.3643	50712067	C	T
15	15:50712406_C_T	70.3778	50712406	T	C
15	15:50713037_G_A	70.3778	50713037	A	G
15	15:50714952_G_A	70.3781	50714952	G	A
15	15:50716907_T_C	70.3784	50716907	T	C
15	15:50722160_T_C	70.3801	50722160	T	C
15	15:50725602_C_T	70.3804	50725602	C	T
15	15:50729949_T_C	70.3807	50729949	T	C
15	15:50734576_A_G	70.381	50734576	A	G
15	15:50756623_A_C	70.3827	50756623	A	C
15	15:50758462_A_C	70.3828	50758462	A	C
15	15:50769520_A_G	70.3831	50769520	A	G
15	15:50771407_A_G	70.3832	50771407	A	G
15	15:50773787_G_A	70.3834	50773787	G	A
15	15:50782703_G_A	70.3849	50782703	G	A
15	15:50783777_A_G	70.3851	50783777	A	G
15	15:50786024_C_T	70.3856	50786024	C	T
15	15:50789423_A_G	70.3871	50789423	A	G
15	15:50792874_A_G	70.3878	50792874	A	G
15	15:50799838_T_G	70.3893	50799838	T	G
15	15:50812441_A_G	70.3919	50812441	A	G
15	15:50816403_T_C	70.3927	50816403	T	C
15	15:50816710_G_A	70.3928	50816710	G	A
15	15:50819787_G_T	70.3934	50819787	G	T
15	15:50821171_G_A	70.3937	50821171	G	A
15	15:50823530_A_G	70.3943	50823530	A	G
15	15:50832176_G_A	70.3952	50832176	A	G
15	15:50840057_A_G	70.3968	50840057	A	G
15	15:50846593_T_C	70.3981	50846593	T	C
15	15:50849399_C_T	70.3991	50849399	C	T
15	15:50853413_C_T	70.3991	50853413	C	T
15	15:50857460_G_T	70.3992	50857460	G	T
15	15:50863966_C_T	70.3993	50863966	C	T
15	15:50865894_C_T	70.3993	50865894	C	T
15	15:50867841_T_C	70.3993	50867841	T	C
15	15:50877583_T_C	70.3997	50877583	T	C
15	15:50878630_A_G	70.3999	50878630	A	G
15	15:50881588_A_G	70.4	50881588	A	G
15	15:50889768_G_A	70.4005	50889768	G	A
15	15:50900606_C_G	70.401	50900606	C	G
15	15:50903600_T_C	70.4011	50903600	T	C
15	15:50903783_G_C	70.4012	50903783	G	C
15	15:50942452_A_G	70.4044	50942452	G	A
15	15:50954947_C_T	70.4064	50954947	C	T
15	15:50961880_G_T	70.4066	50961880	G	T
15	15:50968906_C_A	70.4068	50968906	C	A
15	15:50974496_T_C	70.407	50974496	C	T
15	15:50975008_C_T	70.407	50975008	C	T
15	15:50979193_T_C	70.4079	50979193	T	C
15	15:50999299_T_C	70.4205	50999299	T	C
15	15:51001534_G_T	70.4209	51001534	G	T
15	15:51006324_A_G	70.4219	51006324	A	G
15	15:51007729_T_C	70.4222	51007729	T	C
15	15:51012201_C_G	70.4237	51012201	C	G
15	15:51012501_T_C	70.4237	51012501	T	C
15	15:51017212_G_A	70.4239	51017212	G	A
15	15:51018578_C_A	70.424	51018578	C	A
15	15:51025355_T_C	70.4242	51025355	T	C
15	15:51027607_T_C	70.4243	51027607	T	C
15	15:51034652_T_C	70.4252	51034652	T	C
15	15:51040798_C_T	70.4263	51040798	C	T
15	15:51048602_C_G	70.4266	51048602	C	G
15	15:51051044_T_C	70.4281	51051044	T	C
15	15:51087116_T_C	70.4616	51087116	T	C
15	15:51095313_G_C	70.4632	51095313	C	G
15	15:51098797_T_C	70.4639	51098797	T	C
15	15:51132529_T_C	70.4665	51132529	T	C
15	15:51139107_C_A	70.4669	51139107	C	A
15	15:51147215_A_G	70.4674	51147215	A	G
15	15:51166767_A_C	70.4686	51166767	C	A
15	15:51169875_G_A	70.4693	51169875	A	G
15	15:51171108_C_T	70.4699	51171108	C	T
15	15:51179272_C_T	70.4702	51179272	C	T
15	15:51197183_C_T	70.4702	51197183	C	T
15	15:51210563_G_T	70.4702	51210563	G	T
15	15:51213877_C_T	70.4703	51213877	C	T
15	15:51217361_C_T	70.4712	51217361	C	T
15	15:51217674_G_A	70.4712	51217674	G	A
15	15:51218262_G_T	70.4712	51218262	G	T
15	15:51220390_G_A	70.4712	51220390	G	A
15	15:51224487_C_T	70.4712	51224487	C	T
15	15:51250245_T_C	70.4713	51250245	T	C
15	15:51250610_A_G	70.4714	51250610	A	G
15	15:51256884_G_A	70.4716	51256884	G	A
15	15:51283566_C_A	70.4721	51283566	C	A
15	15:51291576_A_G	70.4731	51291576	G	A
15	15:51322025_A_T	70.4746	51322025	A	T
15	15:51330646_T_C	70.4748	51330646	T	C
15	15:51343890_C_T	70.4751	51343890	C	T
15	15:51345485_T_C	70.4751	51345485	T	C
15	15:51350287_G_T	70.4752	51350287	G	T
15	15:51368237_C_T	70.4756	51368237	C	T
15	15:51372727_T_C	70.4767	51372727	T	C
15	15:51375075_T_C	70.4783	51375075	T	C
15	15:51379536_A_G	70.4792	51379536	A	G
15	15:51380477_A_G	70.4794	51380477	A	G
15	15:51410381_C_T	70.49	51410381	C	T
15	15:51416933_A_G	70.491	51416933	A	G
15	15:51423999_T_C	70.4913	51423999	T	C
15	15:51448013_A_G	70.4999	51448013	A	G
15	15:51451270_T_G	70.5049	51451270	T	G
15	15:51451746_C_T	70.5051	51451746	C	T
15	15:51459722_A_G	70.5059	51459722	A	G
15	15:51462050_C_A	70.5059	51462050	C	A
15	15:51463624_T_C	70.5059	51463624	C	T
15	15:51471259_G_A	70.5059	51471259	G	A
